ENT_ID	TYPE_ENT	ES	MOTPROSOC0	FEMME	HOMME	AGE	EDUCATION	NAT	NETTOYAGE	EXPEANTE	PARTI
1	3	0	6.333333	1	0	37	4	italie	1	0	0
1	3	0	5	1	0	32	2	belge	1	0	0
2	3	0	4.333333	0	1	25	3	belge	1	0	0
3	3	0	7	1	0	25	4	belge	1	0	1
3	3	0	4.666667	1	0	44	2	belge	1	0	0
3	3	0	6.666667	1	0	23	2	belge	1	0	1
3	3	0	7	1	0	53	2	belge	1	0	0
3	3	0	6	1	0	43	2	belge	1	0	1
4	3	0	7	1	0	37	4	belge	1	0	0
5	3	0	5.333333	1	0	31	3	belge	1	0	0
5	3	0	7	1	0	21	3	belge	1	0	0
5	3	0	7	1	0	53	3	belge	1	0	0
5	3	0	7	1	0	37	2	belge	1	0	0
6	3	0	6.333333	1	0	22	2	belge	1	0	1
7	3	0	7	1	0	31	4	belge	1	0	0
7	3	0	5	1	0	37	3	belge	0	0	0
7	3	0	7	1	0	48	2	belge	1	0	0
7	3	0	6	1	0	35	2	belge	1	0	0
7	3	0	5	1	0	29	3	belge	1	0	0
7	3	0	5	1	0	30	2	belge	1	0	0
7	3	0	6	0	1	35	2	bresil	1	0	0
8	3	0	5	1	0	24	2	belge	1	0	0
8	3	0	7	1	0	22	2	belge	1	0	0
8	3	0	6.666667	1	0	31	4	belge	1	0	0
9	3	0	7	1	0	19	3	belge	1	0	0
9	3	0	2	1	0	48	2	belge	1	0	0
9	3	0	5	1	0	44	3	belge	1	0	0
9	3	0	6	1	0	31	3	belge	1	0	0
9	3	0	4	1	0	31	2	belge	1	0	0
9	3	0	6	1	0	31	3	belge	1	0	0
10	3	0	3.333333	1	0	21	2	belge	1	0	0
10	3	0	4.333333	1	0	23	2	belge	1	0	0
10	3	0	4.666667	1	0	45	3	belge	1	0	1
11	3	0	6	1	0	56	1	belge	1	0	0
12	3	0	6.333333	1	0	23	2	belge	1	0	0
12	3	0	7	1	0	29	2	belge	1	0	0
12	3	0	7	1	0	25	3	belge	1	0	0
13	3	0	6	1	0	40	2	france	1	0	0
14	3	0	2.666667	1	0	34	5	espagne	1	0	0
14	3	0	7	1	0	39	3	italie	1	0	0
15	3	0	7	1	0	26	2	belge	1	0	1
16	3	0	6	1	0	25	3	Roumanie	1	0	0
16	3	0	5.666667	1	0	27	4	Roumanie	1	0	0
16	3	0	4	1	0	32	2	Equateur	1	0	0
16	3	0	4.666667	1	0	49	2	Equateur	1	0	0
16	3	0	5	0	1	50	1	Maroc	1	0	0
16	3	0	5.333333	1	0	32	3	Portugal	1	0	0
16	3	0	6	1	0	47	5	Equateur	1	0	0
17	3	0	7	1	0	27	5	Canada	1	0	1
18	3	0	5	1	0	21	2	belge	1	0	0
18	3	0	6	1	0	52	1	espagne	1	0	0
18	3	0	6	1	0	51	5	belge	1	0	0
19	3	0	5	1	0	23	3	belge	1	0	0
19	3	0	7	1	0	40	2	belge	1	0	0
19	3	0	6	1	0	27	3	belge	1	0	0
19	3	0	4.666667	1	0	20	3	belge	1	0	0
19	3	0	5	1	0	30	3	Rwanda	1	0	0
20	3	0	7	1	0	44	2	belge	1	0	0
20	3	0	6	1	0	21	3	belge	1	0	0
21	3	0	7	1	0	36	3	belge	1	0	0
21	3	0	6	1	0	41	2	belge	1	0	0
21	3	0	7	1	0	22	2	belge	1	0	0
21	3	0	6	1	0	30	3	belge	1	0	0
22	3	0	6	1	0	35	2	Moldavie	1	0	0
23	3	0	6	1	0	26	3	belge	1	0	1
23	3	0	7	1	0	44	2	France	1	0	0
23	3	0	5.333333	1	0	33	3	France	1	0	1
23	3	0	6.666667	1	0	22	3	belge	1	0	0
23	3	0	7	1	0	45	3	belge	1	0	0
23	3	0	6	1	0	44	1	belge	0	0	0
23	3	0	4	1	0	37	1	belge	1	0	1
23	3	0	6	1	0	24	2	belge	1	0	0
23	3	0	5	1	0	41	2	belge	1	0	0
23	3	0	2.666667	1	0	40	1	belge	0	0	0
24	3	0	6	1	0	30	3	belge	1	0	1
24	3	0	5	1	0	20	1	belge	1	0	1
25	3	0	6	1	0	32	3	belge	1	0	1
26	2	1	4.666667	1	0	28	3	belge	1	0	1
26	2	1	5	1	0	27	2	cameroun	1	0	1
26	2	1	7	1	0	48	3	belge	1	0	0
26	2	1	4.666667	1	0	30	3	belge	1	0	0
26	2	1	7	1	0	46	2	belge	1	0	0
27	2	1	4	1	0	45	4	belge	1	0	0
27	2	1	6	1	0	26	3	belge	1	0	0
28	2	1	5	1	0	25	2	belge	1	0	0
28	2	1	7	1	0	22	1	belge	1	0	0
29	2	1	7	1	0	34	3	belge	1	0	0
29	2	1	5	1	0	23	2	belge	1	0	0
29	2	1	5	1	0	20	3	belge	1	0	1
29	2	1	6.666667	1	0	32	3	belge	1	0	0
29	2	1	6	1	0	25	3	belge	1	0	1
30	2	1	4	1	0	43	3	belge	1	0	0
30	2	1	6.333333	1	0	31	2	belge	1	0	0
30	2	1	6	1	0	43	3	belge	1	0	0
30	2	1	6	1	0	31	2	belge	1	0	1
30	2	1	5.666667	1	0	33	3	belge	1	0	0
31	2	1	7	1	0	38	2	belge	1	0	0
31	2	1	6.333333	1	0	45	2	belge	1	0	0
31	2	1	7	1	0	32	2	belge	1	0	0
31	2	1	6	1	0	22	2	belge	1	0	0
31	2	1	5.333333	1	0	39	2	belge	1	0	0
31	2	1	6.333333	1	0	23	3	belge	1	0	0
31	2	1	4.333333	1	0	25	3	belge	1	0	0
31	2	1	6.666667	1	0	58	1	belge	1	0	0
31	2	1	5.666667	1	0	47	2	belge	1	0	0
31	2	1	6	1	0	21	2	belge	1	0	0
31	2	1	7	1	0	22	3	belge	1	0	1
31	2	1	5.874233	1	0	37	3	belge	1	0	0
31	2	1	6.666667	1	0	30	3	belge	1	0	0
31	2	1	6.666667	1	0	18	2	belge	1	0	0
31	2	1	7	1	0	19	2	belge	1	0	0
31	2	1	7	1	0	22	3	belge	1	0	0
31	2	1	6	1	0	44	3	belge	1	0	0
31	2	1	7	1	0	28	3	belge	1	0	0
31	2	1	6	1	0	36	3	belge	1	0	0
31	2	1	5	1	0	22	2	belge	1	0	1
31	2	1	4.666667	1	0	24	1	belge	1	0	0
31	2	1	6	1	0	34	3	cameroun	1	0	0
31	2	1	7	1	0	25	2	belge	1	0	0
32	2	1	6	1	0	24	3	belge	1	1	0
33	2	1	5.666667	1	0	25	3	belge	1	0	0
33	2	1	3.666667	1	0	35	3	belge	1	0	0
33	2	1	6	1	0	40	3	belge	1	0	1
34	2	1	5	1	0	32	2	belge	1	0	0
34	2	1	7	1	0	41	2	belge	1	0	0
34	2	1	7	1	0	26	1	belge	1	0	1
34	2	1	6	1	0	33	2	belge	1	0	1
34	2	1	2.333333	1	0	30	4	belge	1	0	0
34	2	1	6	1	0	48	2	belge	1	0	0
34	2	1	7	1	0	25	2	belge	1	0	0
34	2	1	5	1	0	31	4	belge	1	0	0
35	1	1	6	1	0	47	2	belge	1	0	0
35	1	1	7	1	0	57	3	belge	1	0	0
35	1	1	7	1	0	33	2	france	1	1	0
35	1	1	6.333333	1	0	44	3	pologne	1	0	0
36	1	1	7	1	0	28	3	belge	1	0	0
36	1	1	7	1	0	28	2	belge	1	0	0
36	1	1	7	1	0	35	3	belge	1	0	0
37	1	1	5.8451	1	0	46	3	belge	1	0	0
37	1	1	4.666667	1	0	22	2	belge	1	0	0
37	1	1	6	1	0	22	3	belge	1	0	0
38	1	1	6.666667	1	0	48	2	belge	1	0	0
38	1	1	6.333333	1	0	24	2	belge	1	0	0
38	1	1	6.666667	1	0	53	2	belge	1	0	0
38	1	1	6.333333	1	0	49	2	belge	1	0	0
38	1	1	6	1	0	35	1	belge	1	0	0
39	1	1	4.666667	1	0	44	2	belge	1	0	0
39	1	1	7	1	0	31	2	belge	1	0	0
39	1	1	3	1	0	26	1	Chili	1	0	0
39	1	1	7	1	0	27	2	belge	1	0	0
39	1	1	5.333333	1	0	34	2	belge	1	0	0
40	1	1	6	1	0	29	3	belge	1	0	0
40	1	1	4	1	0	28	2	belge	1	0	1
40	1	1	6	1	0	26	3	belge	1	0	1
40	1	1	6	1	0	34	2	belge	1	0	1
40	1	1	4.666667	1	0	40	1	belge	1	0	0
40	1	1	5.666667	1	0	27	2	belge	1	0	1
40	1	1	4	1	0	45	2	belge	1	0	0
40	1	1	5.666667	1	0	35	3	belge	1	0	0
40	1	1	7	1	0	25	2	belge	1	0	0
40	1	1	4.666667	1	0	30	1	belge	1	0	0
40	1	1	5	1	0	31	3	belge	1	0	0
40	1	1	5.333333	1	0	25	3	belge	1	0	0
40	1	1	6	1	0	23	2	belge	1	0	0
40	1	1	5	1	0	27	1	belge	1	0	1
40	1	1	5	1	0	38	3	belge	1	0	1
40	1	1	6	1	0	22	3	belge	1	0	0
40	1	1	6	1	0	40	2	belge	1	0	0
40	1	1	7	1	0	41	3	belge	1	0	0
40	1	1	5.333333	1	0	26	2	belge	0	0	0
40	1	1	4	1	0	31	3	belge	1	0	0
40	1	1	4.666667	1	0	37	2	belge	1	0	0
41	1	1	7	1	0	56	2	France	1	0	0
41	1	1	4.666667	1	0	46	3	belge	1	0	0
42	1	1	7	1	0	41	1	belge	1	0	1
42	1	1	6.333333	0	1	24	2	belge	1	0	1
42	1	1	7	1	0	44	4	france	0	0	1
42	1	1	5.333333	1	0	36	1	belge	1	0	1
42	1	1	4.666667	1	0	21	2	belge	1	0	0
42	1	1	6	1	0	40	1	italie	1	0	0
42	1	1	5.333333	1	0	28	1	belge	1	0	0
42	1	1	5	1	0	37	3	belge	1	0	0
42	1	1	5.666667	1	0	42	2	belge	1	0	0
43	1	1	6.666667	1	0	42	2	belge	1	0	0
44	1	1	7	1	0	54	2	belge	1	0	1
44	1	1	5	1	0	36	3	belge	0	0	0
44	1	1	5	1	0	53	4	belge	0	0	0
45	1	1	6.666667	1	0	39	2	belge	1	0	0
45	1	1	6	1	0	26	3	belge	1	0	0
46	1	1	4.666667	1	0	29	2	belge	1	0	0
46	1	1	7	0	1	23	2	belge	1	0	0
46	1	1	7	1	0	33	2	belge	1	0	0
46	1	1	5	1	0	22	3	belge	1	0	0
47	1	1	6.666667	1	0	37	1	belge	1	0	0
47	1	1	6	1	0	32	1	belge	1	0	0
48	1	1	6.666667	1	0	26	3	belge	1	0	1
48	1	1	6	1	0	43	2	belge	1	0	0
48	1	1	6	1	0	37	2	belge	1	0	1
48	1	1	5.5	1	0	30	2	france	1	0	1
49	1	1	6.666667	1	0	35	3	belge	1	0	0
49	1	1	6	1	0	27	2	italie	1	0	0
49	1	1	6	1	0	26	3	belge	1	0	0
49	1	1	6	1	0	25	1	belge	1	0	0
50	1	1	7	1	0	21	2	belge	1	0	0
51	1	1	2	1	0	45	4	belge	1	0	1
51	1	1	7	1	0	40	2	belge	1	0	1
52	1	1	2	1	0	31	2	belge	1	0	0
52	1	1	5.333333	1	0	24	4	belge	1	0	1
52	1	1	5.666667	1	0	45	3	belge	1	0	0
52	1	1	6.666667	1	0	37	1	belge	1	0	0
53	1	1	7	1	0	25	3	belge	1	0	0
53	1	1	6.666667	1	0	34	3	belge	1	0	0
53	1	1	6	1	0	54	1	france	1	0	1
53	1	1	7	1	0	25	1	belge	1	0	1
53	1	1	6	1	0	45	2	belge	1	0	1
53	1	1	7	1	0	39	1	belge	1	0	0
53	1	1	6	1	0	32	3	belge	1	0	0
