ID	ENT_ID	TYPE_ENT	ES	MOTPROSOC0	MOTPROSOC1	FEMME	HOMME	AGE	EDUCATION	NAT	EXPEANTE	NETTOYAGE
1	1	3	0	6.333333	6	1	0	37	4	italie	0	1
2	1	3	0	5	5	1	0	32	2	belge	0	1
3	21	2	1	7	1	1	0	48	3	belge	1	1
4	21	2	1	4.666667	5.333333	1	0	30	3	belge	0	1
5	21	2	1	7	7	1	0	46	2	belge	0	1
6	22	2	1	4	4	1	0	45	4	belge	0	1
7	22	2	1	6	6	1	0	26	3	belge	0	1
8	23	2	1	5	6	1	0	25	2	belge	0	1
9	23	2	1	7	6	1	0	22	1	belge	0	1
10	24	2	1	7	5.666667	1	0	34	3	belge	0	1
11	24	2	1	5	4.666667	1	0	23	2	belge	0	1
12	24	2	1	6.666667	4	1	0	32	3	belge	0	1
13	25	2	1	4	5.666667	1	0	43	3	belge	1	1
14	25	2	1	6.333333	7	1	0	31	2	belge	0	1
15	25	2	1	6	6.333333	1	0	43	3	belge	1	1
16	25	2	1	5.666667	7	1	0	33	3	belge	0	1
17	2	3	0	4.333333	3.666667	0	1	25	3	belge	1	1
18	3	3	0	4.666667	5	1	0	44	2	belge	0	1
19	3	3	0	7	4	1	0	53	2	belge	0	1
20	26	2	1	7	7	1	0	38	2	belge	1	1
21	26	2	1	6.333333	6	1	0	45	2	belge	0	1
22	26	2	1	7	6.666667	1	0	32	2	belge	0	1
23	26	2	1	6	5	1	0	22	2	belge	0	1
24	26	2	1	5.333333	7	1	0	39	2	belge	0	1
25	26	2	1	6.333333	7	1	0	23	3	belge	0	1
26	26	2	1	4.333333	6	1	0	25	3	belge	0	1
27	26	2	1	6.666667	6.666667	1	0	58	1	belge	0	1
28	26	2	1	5.666667	5	1	0	47	2	belge	0	1
29	26	2	1	6	4	1	0	21	2	belge	0	1
30	26	2	1	5.874233	5	1	0	37	3	belge	0	1
31	26	2	1	6.666667	4	1	0	30	3	belge	0	1
32	26	2	1	6.666667	7	1	0	18	2	belge	0	1
33	26	2	1	7	5	1	0	19	2	belge	0	1
34	26	2	1	7	7	1	0	22	3	belge	0	1
35	26	2	1	6	4	1	0	44	3	belge	1	1
36	26	2	1	7	6	1	0	28	3	belge	0	1
37	26	2	1	6	4.666667	1	0	36	3	belge	0	1
38	26	2	1	4.666667	5	1	0	24	1	belge	0	1
39	26	2	1	6	6.333333	1	0	34	3	cameroun	0	1
40	26	2	1	7	7	1	0	25	2	belge	0	1
41	4	3	0	7	6	1	0	37	4	belge	0	1
42	5	3	0	5.333333	5	1	0	31	3	belge	0	1
43	5	3	0	7	4	1	0	21	3	belge	0	1
44	5	3	0	7	5	1	0	53	3	belge	9999	1
45	5	3	0	7	4	1	0	37	2	belge	0	1
46	6	3	0	7	6	1	0	31	4	belge	0	1
47	6	3	0	5	6	1	0	37	3	belge	1	0
48	6	3	0	7	5.333333	1	0	48	2	belge	1	1
49	6	3	0	6	5	1	0	35	2	belge	0	1
50	6	3	0	5	5	1	0	29	3	belge	1	1
51	6	3	0	5	5.333333	1	0	30	2	belge	1	1
52	6	3	0	6	5	0	1	35	2	bresil	0	1
53	7	3	0	5	5	1	0	24	2	belge	1	1
54	7	3	0	7	5.333333	1	0	22	2	belge	0	1
55	7	3	0	6.666667	5	1	0	31	4	belge	1	1
56	8	3	0	7	5	1	0	19	3	belge	1	1
57	8	3	0	2	6	1	0	48	2	belge	0	1
58	8	3	0	5	4.666667	1	0	44	3	belge	1	1
59	8	3	0	6	5	1	0	31	3	belge	0	1
60	8	3	0	4	5	1	0	31	2	belge	1	1
61	8	3	0	6	5	1	0	31	6	belge	1	1
62	30	1	1	6	6	1	0	47	2	belge	0	1
63	30	1	1	7	5.333333	1	0	57	3	belge	1	1
64	30	1	1	7	6	1	0	33	2	france	0	1
65	30	1	1	6.333333	7	1	0	44	3	pologne	0	1
66	9	3	0	3.333333	4	1	0	21	2	belge	1	1
67	9	3	0	4.333333	4.666667	1	0	23	2	belge	0	1
68	31	1	1	7	5.666667	1	0	28	3	belge	1	1
69	31	1	1	7	7	1	0	28	2	belge	1	1
70	31	1	1	7	6.333333	1	0	35	3	belge	1	1
71	10	3	0	6	6	1	0	56	1	belge	1	1
72	11	3	0	6.333333	5.333333	1	0	23	2	belge	0	1
73	11	3	0	7	6	1	0	29	2	belge	1	1
74	11	3	0	7	5	1	0	25	3	belge	1	1
75	12	3	0	6	7	1	0	40	2	france	0	1
76	32	1	1	5.8451	5.333333	1	0	46	3	belge	0	1
77	32	1	1	4.666667	5	1	0	22	2	belge	0	1
78	32	1	1	6	6	1	0	22	3	belge	0	1
79	33	1	1	6.666667	4.666667	1	0	48	2	belge	0	1
80	33	1	1	6.333333	4.666667	1	0	24	2	belge	1	1
81	33	1	1	6.666667	7	1	0	53	2	belge	0	1
82	33	1	1	6.333333	5.666667	1	0	49	2	belge	1	1
83	33	1	1	6	5	1	0	35	1	belge	0	1
84	34	1	1	4.666667	5.333333	1	0	44	2	belge	0	1
85	34	1	1	7	5.333333	1	0	31	2	belge	1	1
86	34	1	1	3	6	1	0	26	1	Chili	0	1
87	34	1	1	7	5.333333	1	0	27	2	belge	0	1
88	34	1	1	5.333333	4.666667	1	0	34	2	belge	0	1
89	35	1	1	6	4	1	0	29	3	belge	1	1
90	35	1	1	4.666667	3	1	0	40	1	belge	0	1
91	35	1	1	4	4	1	0	45	2	belge	0	1
92	35	1	1	5.666667	4	1	0	35	3	belge	0	1
93	35	1	1	7	7	1	0	25	2	belge	0	1
94	35	1	1	4.666667	4.333333	1	0	30	1	belge	0	1
95	35	1	1	5	4	1	0	31	3	belge	0	1
96	35	1	1	5.333333	4	1	0	25	3	belge	0	1
97	35	1	1	6	5	1	0	23	2	belge	0	1
98	35	1	1	6	6	1	0	22	3	belge	0	1
99	35	1	1	6	5	1	0	40	2	belge	0	1
100	35	1	1	7	5.333333	1	0	41	3	belge	0	1
101	35	1	1	5.333333	6	1	0	26	2	belge	0	0
102	35	1	1	4	3.333333	1	0	31	3	belge	0	1
103	35	1	1	4.666667	6	1	0	37	2	belge	0	1
104	13	3	0	2.666667	4.333333	1	0	34	5	espagne	0	1
105	13	3	0	7	4	1	0	39	3	italie	0	1
106	14	3	0	6	6	1	0	25	3	Roumanie	0	1
107	14	3	0	5.666667	4.666667	1	0	27	4	Roumanie	0	1
108	14	3	0	4	5	1	0	32	2	Equateur	1	1
109	14	3	0	4.666667	7	1	0	49	2	Equateur	0	1
110	14	3	0	5	5	0	1	50	1	Maroc	1	1
111	14	3	0	5.333333	5.666667	1	0	32	3	Portugal	0	1
112	14	3	0	6	5.333333	1	0	47	5	Equateur	1	1
113	15	3	0	5	4	1	0	21	2	belge	1	1
114	15	3	0	6	6	1	0	52	1	espagne	1	1
115	15	3	0	6	5	1	0	51	5	belge	1	1
116	36	1	1	7	6.666667	1	0	56	2	France	1	1
117	36	1	1	4.666667	7	1	0	46	3	belge	0	1
118	16	3	0	5	5.333333	1	0	23	3	belge	0	1
119	16	3	0	7	6	1	0	40	2	belge	1	1
120	16	3	0	6	5.666667	1	0	27	3	belge	0	1
121	16	3	0	4.666667	5	1	0	20	3	belge	0	1
122	16	3	0	5	5	1	0	30	3	Rwanda	1	1
123	37	1	1	4.666667	5.666667	1	0	21	2	belge	0	1
124	37	1	1	6	6	1	0	40	1	italie	0	1
125	37	1	1	5.333333	6	1	0	28	1	belge	0	1
126	37	1	1	5	5	1	0	37	3	belge	1	1
127	37	1	1	5.666667	6	1	0	42	2	belge	0	1
128	38	1	1	6.666667	5.333333	1	0	42	2	belge	0	1
129	17	3	0	7	7	1	0	44	2	belge	0	1
130	17	3	0	6	6	1	0	21	3	belge	0	1
131	18	3	0	7	6.666667	1	0	36	3	belge	0	1
132	18	3	0	6	4	1	0	41	2	belge	0	1
133	18	3	0	7	5.666667	1	0	22	2	belge	0	1
134	18	3	0	6	5	1	0	30	3	belge	0	1
135	39	1	1	5	6	1	0	36	3	belge	0	0
136	39	1	1	5	5.333333	1	0	53	4	belge	1	0
137	40	1	1	6.666667	6	1	0	39	2	belge	0	1
138	40	1	1	6	5	1	0	26	3	belge	0	1
139	41	1	1	4.666667	6.333333	1	0	29	2	belge	0	1
140	41	1	1	7	7	0	1	23	2	belge	0	1
141	41	1	1	7	5.333333	1	0	33	2	belge	0	1
142	41	1	1	5	7	1	0	22	3	belge	0	1
143	19	3	0	6	5	1	0	35	2	Moldavie	0	1
144	42	1	1	6.666667	5	1	0	37	1	belge	0	1
145	42	1	1	6	6	1	0	32	1	belge	0	1
146	20	3	0	7	7	1	0	44	5	France	1	1
147	20	3	0	6.666667	5.666667	1	0	22	3	belge	1	1
148	20	3	0	7	4	1	0	45	3	belge	0	1
149	20	3	0	6	4	1	0	44	1	belge	0	0
150	20	3	0	6	5	1	0	24	2	belge	0	1
151	20	3	0	5	1	1	0	41	2	belge	0	1
152	20	3	0	2.666667	6	1	0	42	1	belge	0	0
153	43	1	1	6	5.589733	1	0	43	2	belge	1	1
154	27	2	1	6	6.666667	1	0	24	3	belge	0	1
155	28	2	1	5.666667	5	1	0	25	3	belge	1	1
156	28	2	1	3.666667	5.666667	1	0	35	3	belge	1	1
157	44	1	1	6.666667	5.333333	1	0	35	3	belge	0	1
158	44	1	1	6	6	1	0	27	2	italie	0	1
159	44	1	1	6	7	1	0	26	3	belge	1	1
160	44	1	1	6	5.666667	1	0	25	1	belge	0	1
161	45	1	1	7	7	1	0	21	2	belge	0	1
162	29	2	1	5	5.333333	1	0	32	2	belge	0	1
163	29	2	1	7	6	1	0	41	2	belge	1	1
164	29	2	1	2.333333	6	1	0	30	4	belge	0	1
165	29	2	1	6	6	1	0	48	2	belge	0	1
166	29	2	1	7	6	1	0	25	2	belge	1	1
167	29	2	1	5	5.333333	1	0	31	4	belge	1	1
168	46	1	1	2	5.333333	1	0	31	2	belge	0	1
169	46	1	1	5.666667	5.333333	1	0	45	3	belge	0	1
170	46	1	1	6.666667	4.333333	1	0	37	1	belge	0	1
171	47	1	1	7	7	1	0	25	3	belge	0	1
172	47	1	1	6.666667	7	1	0	34	3	belge	0	1
173	47	1	1	7	6.333333	1	0	39	1	belge	1	1
174	47	1	1	6	6	1	0	32	3	belge	0	1
